Datetime,Open,High,Low,Close,Volume,Adj Close,prevClose,change,pchange,finalpchange,interval,Numbers,prePred
"May 18, 2022 09:30 AM",70.8,70.8,70.74,70.74,6786,70.74,,,,,1min,0,70.8
"May 18, 2022 09:31 AM",70.76,70.87,70.69,70.77,94819,70.77,70.74,0.03,0.0,0.04,1min,1,70.79
"May 18, 2022 09:32 AM",70.78,70.88,70.67,70.73,33160,70.73,70.77,-0.04,-0.0,-0.06,1min,2,70.78
"May 18, 2022 09:33 AM",70.73,70.94,70.73,70.89,14734,70.89,70.73,0.16,0.0,0.23,1min,3,70.77
"May 18, 2022 09:34 AM",70.89,70.91,70.62,70.64,12699,70.64,70.89,-0.25,-0.0,-0.36,1min,4,70.76
"May 18, 2022 09:35 AM",70.64,70.66,70.55,70.62,13736,70.62,70.64,-0.02,-0.0,-0.03,1min,5,70.76
"May 18, 2022 09:36 AM",70.64,70.79,70.62,70.77,17390,70.77,70.62,0.15,0.0,0.21,1min,6,70.75
"May 18, 2022 09:37 AM",70.79,70.84,70.71,70.72,10558,70.72,70.77,-0.05,-0.0,-0.07,1min,7,70.74
"May 18, 2022 09:38 AM",70.71,70.86,70.71,70.8,12597,70.8,70.72,0.08,0.0,0.11,1min,8,70.73
"May 18, 2022 09:39 AM",70.81,70.84,70.7,70.76,27506,70.76,70.8,-0.04,-0.0,-0.06,1min,9,70.72
"May 18, 2022 09:40 AM",70.75,70.75,70.61,70.61,8075,70.61,70.76,-0.15,-0.0,-0.21,1min,10,70.72
"May 18, 2022 09:41 AM",70.61,70.7,70.56,70.56,16595,70.56,70.61,-0.05,-0.0,-0.07,1min,11,70.71
"May 18, 2022 09:42 AM",70.6,70.61,70.4,70.4,21167,70.4,70.56,-0.16,-0.0,-0.23,1min,12,70.7
"May 18, 2022 09:43 AM",70.39,70.65,70.39,70.64,12158,70.64,70.4,0.24,0.0,0.33,1min,13,70.69
"May 18, 2022 09:44 AM",70.66,70.7,70.57,70.64,10849,70.64,70.64,0.0,0.0,0.01,1min,14,70.68
"May 18, 2022 09:45 AM",70.64,70.85,70.59,70.81,11567,70.81,70.64,0.17,0.0,0.24,1min,15,70.68
"May 18, 2022 09:46 AM",70.8,70.81,70.73,70.74,5285,70.74,70.81,-0.07,-0.0,-0.1,1min,16,70.67
"May 18, 2022 09:47 AM",70.74,70.78,70.71,70.78,5663,70.78,70.74,0.04,0.0,0.05,1min,17,70.66
"May 18, 2022 09:48 AM",70.76,70.78,70.68,70.71,5781,70.71,70.78,-0.07,-0.0,-0.09,1min,18,70.65
"May 18, 2022 09:49 AM",70.71,70.71,70.65,70.69,4865,70.69,70.71,-0.01,-0.0,-0.02,1min,19,70.64
"May 18, 2022 09:50 AM",70.71,70.73,70.67,70.7,6449,70.7,70.69,0.0,0.0,0.01,1min,20,70.64
"May 18, 2022 09:51 AM",70.68,70.72,70.68,70.71,3796,70.71,70.7,0.01,0.0,0.01,1min,21,70.63
"May 18, 2022 09:52 AM",70.71,70.74,70.66,70.74,4548,70.74,70.71,0.03,0.0,0.05,1min,22,70.62
"May 18, 2022 09:53 AM",70.74,70.75,70.71,70.71,3881,70.71,70.74,-0.03,-0.0,-0.05,1min,23,70.61
"May 18, 2022 09:54 AM",70.71,70.71,70.62,70.68,9790,70.68,70.71,-0.03,-0.0,-0.04,1min,24,70.6
"May 18, 2022 09:55 AM",70.65,70.67,70.59,70.6,5736,70.6,70.68,-0.08,-0.0,-0.12,1min,25,70.6
"May 18, 2022 09:56 AM",70.6,70.6,70.5,70.51,5998,70.51,70.6,-0.08,-0.0,-0.12,1min,26,70.59
"May 18, 2022 09:57 AM",70.51,70.51,70.47,70.47,7699,70.47,70.51,-0.04,-0.0,-0.05,1min,27,70.58
"May 18, 2022 09:58 AM",70.48,70.49,70.46,70.48,3868,70.48,70.47,0.01,0.0,0.01,1min,28,70.57
"May 18, 2022 09:59 AM",70.47,70.47,70.43,70.46,3886,70.46,70.48,-0.02,-0.0,-0.03,1min,29,70.57
"May 18, 2022 10:00 AM",70.46,70.6,70.45,70.6,7857,70.6,70.46,0.14,0.0,0.19,1min,30,70.56
"May 18, 2022 10:01 AM",70.58,70.68,70.55,70.62,7285,70.62,70.6,0.03,0.0,0.04,1min,31,70.55
"May 18, 2022 10:02 AM",70.63,70.67,70.61,70.66,10323,70.66,70.62,0.04,0.0,0.06,1min,32,70.54
"May 18, 2022 10:03 AM",70.65,70.67,70.62,70.65,8561,70.65,70.66,-0.01,-0.0,-0.01,1min,33,70.53
"May 18, 2022 10:04 AM",70.64,70.64,70.57,70.57,7570,70.57,70.65,-0.08,-0.0,-0.11,1min,34,70.53
"May 18, 2022 10:05 AM",70.59,70.62,70.56,70.57,9635,70.57,70.57,0.0,0.0,0.0,1min,35,70.52
"May 18, 2022 10:06 AM",70.57,70.59,70.52,70.54,7305,70.54,70.57,-0.03,-0.0,-0.04,1min,36,70.51
"May 18, 2022 10:07 AM",70.52,70.53,70.48,70.48,4912,70.48,70.54,-0.06,-0.0,-0.09,1min,37,70.5
"May 18, 2022 10:08 AM",70.48,70.49,70.42,70.47,6936,70.47,70.48,-0.01,-0.0,-0.01,1min,38,70.49
"May 18, 2022 10:09 AM",70.46,70.46,70.39,70.39,4008,70.39,70.47,-0.08,-0.0,-0.11,1min,39,70.49
"May 18, 2022 10:10 AM",70.39,70.47,70.39,70.46,8407,70.46,70.39,0.07,0.0,0.09,1min,40,70.48
"May 18, 2022 10:11 AM",70.46,70.48,70.42,70.46,18316,70.46,70.46,0.0,0.0,0.0,1min,41,70.47
"May 18, 2022 10:12 AM",70.43,70.46,70.4,70.4,8055,70.4,70.46,-0.06,-0.0,-0.09,1min,42,70.46
"May 18, 2022 10:13 AM",70.4,70.44,70.39,70.39,6280,70.39,70.4,-0.01,-0.0,-0.01,1min,43,70.45
"May 18, 2022 10:14 AM",70.43,70.49,70.42,70.46,8004,70.46,70.39,0.06,0.0,0.09,1min,44,70.45
"May 18, 2022 10:15 AM",70.45,70.49,70.39,70.49,6218,70.49,70.46,0.03,0.0,0.05,1min,45,70.44
"May 18, 2022 10:16 AM",70.49,70.53,70.45,70.52,6521,70.52,70.49,0.03,0.0,0.04,1min,46,70.43
"May 18, 2022 10:17 AM",70.51,70.52,70.47,70.5,6018,70.5,70.52,-0.02,-0.0,-0.03,1min,47,70.42
"May 18, 2022 10:18 AM",70.5,70.57,70.5,70.52,9459,70.52,70.5,0.02,0.0,0.03,1min,48,70.41
"May 18, 2022 10:19 AM",70.52,70.53,70.47,70.5,6000,70.5,70.52,-0.02,-0.0,-0.03,1min,49,70.41
"May 18, 2022 10:20 AM",70.49,70.57,70.49,70.57,9607,70.57,70.5,0.07,0.0,0.1,1min,50,70.4
"May 18, 2022 10:21 AM",70.58,70.58,70.52,70.52,6186,70.52,70.57,-0.05,-0.0,-0.07,1min,51,70.39
"May 18, 2022 10:22 AM",70.54,70.56,70.52,70.52,4535,70.52,70.52,0.0,0.0,0.0,1min,52,70.38
"May 18, 2022 10:23 AM",70.51,70.53,70.44,70.44,30684,70.44,70.52,-0.07,-0.0,-0.11,1min,53,70.37
"May 18, 2022 10:24 AM",70.43,70.5,70.41,70.49,8619,70.49,70.44,0.04,0.0,0.06,1min,54,70.37
"May 18, 2022 10:25 AM",70.49,70.49,70.47,70.47,3262,70.47,70.49,-0.02,-0.0,-0.03,1min,55,70.36
"May 18, 2022 10:26 AM",70.46,70.53,70.46,70.49,8774,70.49,70.47,0.02,0.0,0.03,1min,56,70.35
"May 18, 2022 10:27 AM",70.49,70.49,70.42,70.43,3627,70.43,70.49,-0.06,-0.0,-0.08,1min,57,70.34
"May 18, 2022 10:28 AM",70.44,70.45,70.4,70.41,6585,70.41,70.43,-0.02,-0.0,-0.04,1min,58,70.33
"May 18, 2022 10:29 AM",70.38,70.38,70.25,70.25,10584,70.25,70.41,-0.16,-0.0,-0.23,1min,59,70.33
"May 18, 2022 10:30 AM",70.24,70.25,70.2,70.23,8237,70.23,70.25,-0.02,-0.0,-0.03,1min,60,70.32
"May 18, 2022 10:31 AM",70.24,70.24,70.19,70.19,3189,70.19,70.23,-0.04,-0.0,-0.06,1min,61,70.31
"May 18, 2022 10:32 AM",70.2,70.2,70.15,70.15,5533,70.15,70.19,-0.04,-0.0,-0.06,1min,62,70.3
"May 18, 2022 10:33 AM",70.15,70.2,70.13,70.2,10879,70.2,70.15,0.05,0.0,0.07,1min,63,70.29
"May 18, 2022 10:34 AM",70.19,70.3,70.19,70.3,7979,70.3,70.2,0.1,0.0,0.14,1min,64,70.29
"May 18, 2022 10:35 AM",70.29,70.29,70.24,70.24,7411,70.24,70.3,-0.06,-0.0,-0.08,1min,65,70.28
"May 18, 2022 10:36 AM",70.25,70.3,70.24,70.27,9139,70.27,70.24,0.03,0.0,0.04,1min,66,70.27
"May 18, 2022 10:37 AM",70.26,70.28,70.25,70.26,6254,70.26,70.27,-0.01,-0.0,-0.01,1min,67,70.26
"May 18, 2022 10:38 AM",70.24,70.28,70.24,70.26,4652,70.26,70.26,0.0,0.0,0.0,1min,68,70.25
"May 18, 2022 10:39 AM",70.26,70.28,70.23,70.28,8405,70.28,70.26,0.02,0.0,0.03,1min,69,70.25
"May 18, 2022 10:40 AM",70.28,70.28,70.23,70.25,6091,70.25,70.28,-0.03,-0.0,-0.05,1min,70,70.24
"May 18, 2022 10:41 AM",70.25,70.29,70.24,70.29,8034,70.29,70.25,0.04,0.0,0.06,1min,71,70.23
"May 18, 2022 10:42 AM",70.3,70.3,70.27,70.29,4220,70.29,70.29,-0.0,-0.0,-0.01,1min,72,70.22
"May 18, 2022 10:43 AM",70.29,70.32,70.28,70.3,21837,70.3,70.29,0.01,0.0,0.02,1min,73,70.22
"May 18, 2022 10:44 AM",70.29,70.29,70.23,70.23,8801,70.23,70.3,-0.07,-0.0,-0.1,1min,74,70.21
"May 18, 2022 10:45 AM",70.23,70.23,70.15,70.16,6160,70.16,70.23,-0.07,-0.0,-0.1,1min,75,70.2
"May 18, 2022 10:46 AM",70.17,70.28,70.17,70.26,11800,70.26,70.16,0.1,0.0,0.14,1min,76,70.19
"May 18, 2022 10:47 AM",70.26,70.26,70.22,70.22,5737,70.22,70.26,-0.04,-0.0,-0.06,1min,77,70.18
"May 18, 2022 10:48 AM",70.22,70.29,70.2,70.25,7658,70.25,70.22,0.03,0.0,0.04,1min,78,70.18
"May 18, 2022 10:49 AM",70.24,70.24,70.21,70.22,3161,70.22,70.25,-0.03,-0.0,-0.04,1min,79,70.17
"May 18, 2022 10:50 AM",70.22,70.22,70.15,70.15,4221,70.15,70.22,-0.07,-0.0,-0.1,1min,80,70.16
"May 18, 2022 10:51 AM",70.15,70.26,70.14,70.26,38442,70.26,70.15,0.11,0.0,0.16,1min,81,70.15
"May 18, 2022 10:52 AM",70.26,70.26,70.2,70.21,8758,70.21,70.26,-0.05,-0.0,-0.07,1min,82,70.14
"May 18, 2022 10:53 AM",70.18,70.18,70.15,70.15,13885,70.15,70.21,-0.06,-0.0,-0.09,1min,83,70.14
"May 18, 2022 10:54 AM",70.14,70.17,70.12,70.14,8894,70.14,70.15,-0.01,-0.0,-0.01,1min,84,70.13
"May 18, 2022 10:55 AM",70.13,70.16,70.11,70.13,4930,70.13,70.14,-0.01,-0.0,-0.01,1min,85,70.12
"May 18, 2022 10:56 AM",70.12,70.18,70.1,70.18,7640,70.18,70.13,0.05,0.0,0.07,1min,86,70.11
"May 18, 2022 10:57 AM",70.2,70.29,70.2,70.25,11148,70.25,70.18,0.07,0.0,0.1,1min,87,70.1
"May 18, 2022 10:58 AM",70.25,70.28,70.23,70.26,12665,70.26,70.25,0.01,0.0,0.01,1min,88,70.1
"May 18, 2022 10:59 AM",70.25,70.25,70.22,70.25,7311,70.25,70.26,-0.01,-0.0,-0.01,1min,89,70.09
"May 18, 2022 11:00 AM",70.25,70.25,70.21,70.22,5122,70.22,70.25,-0.03,-0.0,-0.05,1min,90,70.08
"May 18, 2022 11:02 AM",70.24,70.26,70.21,70.21,29908,70.21,70.22,-0.01,-0.0,-0.01,1min,91,70.07
"May 18, 2022 11:03 AM",70.21,70.22,70.2,70.21,6739,70.21,70.21,0.0,0.0,0.0,1min,92,70.06
"May 18, 2022 11:04 AM",70.22,70.22,70.16,70.22,7044,70.22,70.21,0.01,0.0,0.01,1min,93,70.06
"May 18, 2022 11:05 AM",70.22,70.22,70.2,70.21,8355,70.21,70.22,-0.01,-0.0,-0.01,1min,94,70.05
"May 18, 2022 11:06 AM",70.21,70.23,70.15,70.15,8820,70.15,70.21,-0.06,-0.0,-0.09,1min,95,70.04
"May 18, 2022 11:07 AM",70.14,70.16,70.13,70.14,11128,70.14,70.15,-0.01,-0.0,-0.01,1min,96,70.03
"May 18, 2022 11:08 AM",70.16,70.16,70.09,70.11,23939,70.11,70.14,-0.03,-0.0,-0.04,1min,97,70.02
"May 18, 2022 11:09 AM",70.11,70.13,70.08,70.08,11774,70.08,70.11,-0.03,-0.0,-0.04,1min,98,70.02
"May 18, 2022 11:10 AM",70.07,70.08,70.01,70.01,11792,70.01,70.08,-0.07,-0.0,-0.1,1min,99,70.01
"May 18, 2022 11:11 AM",70.0,70.02,70.0,70.0,10735,70.0,70.01,-0.01,-0.0,-0.01,1min,100,70.0
"May 18, 2022 11:12 AM",70.0,70.0,69.99,70.0,3025,70.0,70.0,-0.0,-0.0,-0.01,1min,101,69.99
"May 18, 2022 11:13 AM",70.0,70.01,70.0,70.0,4317,70.0,70.0,0.01,0.0,0.01,1min,102,69.98
"May 18, 2022 11:14 AM",70.0,70.01,70.0,70.01,8933,70.01,70.0,0.01,0.0,0.01,1min,103,69.98
"May 18, 2022 11:15 AM",70.0,70.01,70.0,70.01,3974,70.01,70.01,0.0,0.0,0.0,1min,104,69.97
"May 18, 2022 11:16 AM",70.0,70.01,69.92,69.93,10967,69.93,70.01,-0.08,-0.0,-0.11,1min,105,69.96
"May 18, 2022 11:17 AM",69.92,69.92,69.85,69.86,6900,69.86,69.93,-0.07,-0.0,-0.1,1min,106,69.95
"May 18, 2022 11:18 AM",69.85,69.87,69.85,69.86,6331,69.86,69.86,-0.01,-0.0,-0.01,1min,107,69.94
"May 18, 2022 11:19 AM",69.86,69.92,69.86,69.92,9182,69.92,69.86,0.06,0.0,0.09,1min,108,69.94
"May 18, 2022 11:20 AM",69.92,69.92,69.86,69.9,5759,69.9,69.92,-0.02,-0.0,-0.03,1min,109,69.93
"May 18, 2022 11:21 AM",69.91,69.92,69.89,69.92,2802,69.92,69.9,0.01,0.0,0.02,1min,110,69.92
"May 18, 2022 11:22 AM",69.91,69.94,69.9,69.94,4610,69.94,69.92,0.03,0.0,0.04,1min,111,69.91
"May 18, 2022 11:23 AM",69.94,69.94,69.9,69.91,5766,69.91,69.94,-0.03,-0.0,-0.04,1min,112,69.91
"May 18, 2022 11:24 AM",69.9,69.91,69.86,69.89,6876,69.89,69.91,-0.03,-0.0,-0.04,1min,113,69.9
"May 18, 2022 11:25 AM",69.89,69.94,69.88,69.92,9620,69.92,69.89,0.03,0.0,0.05,1min,114,69.89
"May 18, 2022 11:26 AM",69.92,69.92,69.86,69.87,5467,69.87,69.92,-0.05,-0.0,-0.07,1min,115,69.88
"May 18, 2022 11:27 AM",69.87,69.9,69.82,69.82,14778,69.82,69.87,-0.05,-0.0,-0.07,1min,116,69.87
"May 18, 2022 11:28 AM",69.83,69.84,69.78,69.8,10054,69.8,69.82,-0.02,-0.0,-0.03,1min,117,69.87
"May 18, 2022 11:29 AM",69.8,69.81,69.73,69.78,15692,69.78,69.8,-0.02,-0.0,-0.03,1min,118,69.86
"May 18, 2022 11:30 AM",69.81,69.81,69.75,69.78,6915,69.78,69.78,-0.0,-0.0,-0.0,1min,119,69.85
"May 18, 2022 11:31 AM",69.79,69.86,69.72,69.85,8509,69.85,69.78,0.07,0.0,0.1,1min,120,69.84
"May 18, 2022 11:32 AM",69.86,69.89,69.83,69.86,7629,69.86,69.85,0.01,0.0,0.01,1min,121,69.83
"May 18, 2022 11:33 AM",69.85,69.91,69.84,69.84,20225,69.84,69.86,-0.02,-0.0,-0.02,1min,122,69.83
"May 18, 2022 11:34 AM",69.83,69.91,69.79,69.9,10873,69.9,69.84,0.07,0.0,0.09,1min,123,69.82
"May 18, 2022 11:35 AM",69.92,69.93,69.87,69.87,5422,69.87,69.9,-0.03,-0.0,-0.05,1min,124,69.81
"May 18, 2022 11:36 AM",69.88,69.89,69.83,69.88,6836,69.88,69.87,0.01,0.0,0.01,1min,125,69.8
"May 18, 2022 11:37 AM",69.89,69.98,69.89,69.96,6933,69.96,69.88,0.08,0.0,0.11,1min,126,69.79
"May 18, 2022 11:38 AM",69.96,69.96,69.89,69.96,6999,69.96,69.96,-0.0,-0.0,-0.01,1min,127,69.79
"May 18, 2022 11:39 AM",69.94,69.95,69.89,69.89,3404,69.89,69.96,-0.07,-0.0,-0.09,1min,128,69.78
"May 18, 2022 11:40 AM",69.89,69.94,69.87,69.94,6027,69.94,69.89,0.05,0.0,0.07,1min,129,69.77
"May 18, 2022 11:41 AM",69.93,70.0,69.93,69.97,16063,69.97,69.94,0.03,0.0,0.04,1min,130,69.76
"May 18, 2022 11:42 AM",69.97,70.04,69.96,70.04,35319,70.04,69.97,0.07,0.0,0.11,1min,131,69.75
"May 18, 2022 11:43 AM",70.04,70.04,69.94,69.95,28456,69.95,70.04,-0.1,-0.0,-0.14,1min,132,69.75
"May 18, 2022 11:44 AM",69.94,69.96,69.83,69.83,27848,69.83,69.95,-0.12,-0.0,-0.17,1min,133,69.74
"May 18, 2022 11:45 AM",69.83,69.88,69.82,69.84,17948,69.84,69.83,0.01,0.0,0.01,1min,134,69.73
"May 18, 2022 11:46 AM",69.85,69.85,69.82,69.83,3120,69.83,69.84,-0.0,-0.0,-0.01,1min,135,69.72
"May 18, 2022 11:47 AM",69.83,69.83,69.8,69.83,11357,69.83,69.83,-0.0,-0.0,-0.01,1min,136,69.71
"May 18, 2022 11:48 AM",69.84,69.91,69.84,69.87,9153,69.87,69.83,0.04,0.0,0.06,1min,137,69.71
"May 18, 2022 11:49 AM",69.88,69.92,69.86,69.89,7928,69.89,69.87,0.02,0.0,0.03,1min,138,69.7
"May 18, 2022 11:50 AM",69.89,69.97,69.86,69.97,7777,69.97,69.89,0.08,0.0,0.11,1min,139,69.69
"May 18, 2022 11:51 AM",69.97,70.0,69.92,69.97,27082,69.97,69.97,0.0,0.0,0.0,1min,140,69.68
"May 18, 2022 11:52 AM",69.97,69.97,69.92,69.93,3896,69.93,69.97,-0.04,-0.0,-0.06,1min,141,69.67
"May 18, 2022 11:53 AM",69.92,69.93,69.82,69.85,7385,69.85,69.93,-0.08,-0.0,-0.12,1min,142,69.67
"May 18, 2022 11:54 AM",69.85,69.88,69.75,69.76,10918,69.76,69.85,-0.08,-0.0,-0.12,1min,143,69.66
"May 18, 2022 11:55 AM",69.75,69.76,69.68,69.74,35724,69.74,69.76,-0.03,-0.0,-0.04,1min,144,69.65
"May 18, 2022 11:56 AM",69.72,69.74,69.61,69.62,13949,69.62,69.74,-0.11,-0.0,-0.16,1min,145,69.64
"May 18, 2022 11:57 AM",69.61,69.64,69.58,69.61,11956,69.61,69.62,-0.01,-0.0,-0.02,1min,146,69.63
"May 18, 2022 11:58 AM",69.61,69.62,69.58,69.6,15915,69.6,69.61,-0.01,-0.0,-0.01,1min,147,69.63
"May 18, 2022 11:59 AM",69.59,69.63,69.56,69.56,10257,69.56,69.6,-0.04,-0.0,-0.06,1min,148,69.62
"May 18, 2022 12:00 PM",69.54,69.58,69.54,69.56,7723,69.56,69.56,0.0,0.0,0.01,1min,149,69.61
"May 18, 2022 12:01 PM",69.57,69.61,69.52,69.57,54353,69.57,69.56,0.01,0.0,0.01,1min,150,69.6
"May 18, 2022 12:02 PM",69.56,69.56,69.49,69.49,8199,69.49,69.57,-0.08,-0.0,-0.11,1min,151,69.6
"May 18, 2022 12:03 PM",69.48,69.52,69.46,69.49,16306,69.49,69.49,0.0,0.0,0.0,1min,152,69.59
"May 18, 2022 12:04 PM",69.48,69.5,69.44,69.5,25426,69.5,69.49,0.01,0.0,0.02,1min,153,69.58
"May 18, 2022 12:05 PM",69.5,69.52,69.45,69.51,15876,69.51,69.5,0.01,0.0,0.01,1min,154,69.57
"May 18, 2022 12:06 PM",69.52,69.53,69.48,69.5,3906,69.5,69.51,-0.01,-0.0,-0.02,1min,155,69.56
"May 18, 2022 12:07 PM",69.49,69.54,69.48,69.54,5672,69.54,69.5,0.04,0.0,0.06,1min,156,69.56
"May 18, 2022 12:08 PM",69.52,69.53,69.5,69.52,3908,69.52,69.54,-0.02,-0.0,-0.03,1min,157,69.55
"May 18, 2022 12:09 PM",69.51,69.56,69.5,69.55,11556,69.55,69.52,0.03,0.0,0.04,1min,158,69.54
"May 18, 2022 12:10 PM",69.55,69.55,69.46,69.5,14144,69.5,69.55,-0.05,-0.0,-0.07,1min,159,69.53
"May 18, 2022 12:11 PM",69.49,69.59,69.49,69.58,10572,69.58,69.5,0.08,0.0,0.12,1min,160,69.52
"May 18, 2022 12:12 PM",69.57,69.58,69.54,69.55,4363,69.55,69.58,-0.03,-0.0,-0.04,1min,161,69.52
"May 18, 2022 12:13 PM",69.55,69.59,69.55,69.56,10727,69.56,69.55,0.01,0.0,0.01,1min,162,69.51
"May 18, 2022 12:14 PM",69.56,69.56,69.51,69.52,14468,69.52,69.56,-0.04,-0.0,-0.06,1min,163,69.5
"May 18, 2022 12:15 PM",69.51,69.58,69.51,69.53,13880,69.53,69.52,0.01,0.0,0.01,1min,164,69.49
"May 18, 2022 12:16 PM",69.53,69.57,69.53,69.56,14155,69.56,69.53,0.03,0.0,0.04,1min,165,69.48
"May 18, 2022 12:17 PM",69.56,69.64,69.53,69.64,66338,69.64,69.56,0.08,0.0,0.12,1min,166,69.48
"May 18, 2022 12:18 PM",69.64,69.71,69.64,69.7,11290,69.7,69.64,0.06,0.0,0.08,1min,167,69.47
"May 18, 2022 12:19 PM",69.69,69.71,69.65,69.71,10059,69.71,69.7,0.01,0.0,0.01,1min,168,69.46
"May 18, 2022 12:20 PM",69.71,69.72,69.68,69.68,8056,69.68,69.71,-0.02,-0.0,-0.03,1min,169,69.45
"May 18, 2022 12:21 PM",69.68,69.68,69.51,69.51,30089,69.51,69.68,-0.17,-0.0,-0.24,1min,170,69.44
"May 18, 2022 12:22 PM",69.51,69.54,69.47,69.47,3812,69.47,69.51,-0.04,-0.0,-0.06,1min,171,69.44
"May 18, 2022 12:23 PM",69.46,69.47,69.35,69.4,11184,69.4,69.47,-0.07,-0.0,-0.1,1min,172,69.43
"May 18, 2022 12:24 PM",69.39,69.4,69.33,69.33,12386,69.33,69.4,-0.07,-0.0,-0.09,1min,173,69.42
"May 18, 2022 12:25 PM",69.34,69.37,69.29,69.35,19164,69.35,69.33,0.01,0.0,0.02,1min,174,69.41
"May 18, 2022 12:26 PM",69.34,69.34,69.26,69.26,30630,69.26,69.35,-0.09,-0.0,-0.13,1min,175,69.4
"May 18, 2022 12:27 PM",69.28,69.31,69.23,69.31,26112,69.31,69.26,0.05,0.0,0.07,1min,176,69.4
"May 18, 2022 12:28 PM",69.31,69.31,69.25,69.28,41106,69.28,69.31,-0.03,-0.0,-0.04,1min,177,69.39
"May 18, 2022 12:29 PM",69.28,69.28,69.25,69.25,26174,69.25,69.28,-0.03,-0.0,-0.04,1min,178,69.38
"May 18, 2022 12:30 PM",69.26,69.35,69.23,69.24,29132,69.24,69.25,-0.01,-0.0,-0.02,1min,179,69.37
"May 18, 2022 12:31 PM",69.23,69.32,69.2,69.31,29514,69.31,69.24,0.07,0.0,0.11,1min,180,69.36
"May 18, 2022 12:32 PM",69.29,69.33,69.29,69.29,22922,69.29,69.31,-0.01,-0.0,-0.02,1min,181,69.36
"May 18, 2022 12:33 PM",69.28,69.31,69.26,69.28,34532,69.28,69.29,-0.01,-0.0,-0.02,1min,182,69.35
"May 18, 2022 12:34 PM",69.28,69.32,69.27,69.3,18093,69.3,69.28,0.02,0.0,0.03,1min,183,69.34
"May 18, 2022 12:35 PM",69.3,69.34,69.28,69.32,15351,69.32,69.3,0.02,0.0,0.03,1min,184,69.33
"May 18, 2022 12:36 PM",69.32,69.36,69.31,69.34,30824,69.34,69.32,0.02,0.0,0.03,1min,185,69.32
"May 18, 2022 12:37 PM",69.32,69.34,69.29,69.29,43106,69.29,69.34,-0.04,-0.0,-0.06,1min,186,69.32
"May 18, 2022 12:38 PM",69.29,69.31,69.26,69.31,10178,69.31,69.29,0.01,0.0,0.01,1min,187,69.31
"May 18, 2022 12:39 PM",69.31,69.37,69.31,69.36,15638,69.36,69.31,0.06,0.0,0.08,1min,188,69.3
"May 18, 2022 12:40 PM",69.36,69.4,69.32,69.38,45526,69.38,69.36,0.02,0.0,0.03,1min,189,69.29
"May 18, 2022 12:41 PM",69.36,69.39,69.35,69.35,9287,69.35,69.38,-0.03,-0.0,-0.04,1min,190,69.29
"May 18, 2022 12:42 PM",69.34,69.35,69.29,69.29,8817,69.29,69.35,-0.06,-0.0,-0.09,1min,191,69.28
"May 18, 2022 12:43 PM",69.29,69.31,69.27,69.28,12580,69.28,69.29,-0.01,-0.0,-0.01,1min,192,69.27
"May 18, 2022 12:44 PM",69.27,69.28,69.23,69.27,10907,69.27,69.28,-0.01,-0.0,-0.01,1min,193,69.26
"May 18, 2022 12:45 PM",69.27,69.32,69.26,69.32,11549,69.32,69.27,0.05,0.0,0.07,1min,194,69.25
"May 18, 2022 12:46 PM",69.32,69.33,69.31,69.31,10996,69.31,69.32,-0.01,-0.0,-0.01,1min,195,69.25
"May 18, 2022 12:47 PM",69.29,69.3,69.27,69.3,4792,69.3,69.31,-0.01,-0.0,-0.01,1min,196,69.24
"May 18, 2022 12:48 PM",69.3,69.3,69.26,69.3,8454,69.3,69.3,0.0,0.0,0.0,1min,197,69.23
"May 18, 2022 12:49 PM",69.29,69.31,69.29,69.3,6893,69.3,69.3,0.0,0.0,0.0,1min,198,69.22
"May 18, 2022 12:50 PM",69.29,69.32,69.28,69.32,9488,69.32,69.3,0.01,0.0,0.02,1min,199,69.21
"May 18, 2022 12:51 PM",69.31,69.32,69.28,69.3,8096,69.3,69.32,-0.01,-0.0,-0.02,1min,200,69.21
"May 18, 2022 12:52 PM",69.31,69.31,69.3,69.31,13348,69.31,69.3,0.0,0.0,0.01,1min,201,69.2
"May 18, 2022 12:53 PM",69.31,69.31,69.25,69.25,17288,69.25,69.31,-0.06,-0.0,-0.08,1min,202,69.19
"May 18, 2022 12:54 PM",69.26,69.31,69.26,69.31,11594,69.31,69.25,0.06,0.0,0.09,1min,203,69.18
"May 18, 2022 12:55 PM",69.32,69.32,69.28,69.3,8243,69.3,69.31,-0.01,-0.0,-0.01,1min,204,69.17
"May 18, 2022 12:56 PM",69.29,69.29,69.26,69.28,5368,69.28,69.3,-0.02,-0.0,-0.03,1min,205,69.17
"May 18, 2022 12:57 PM",69.29,69.32,69.26,69.32,7079,69.32,69.28,0.04,0.0,0.06,1min,206,69.16
"May 18, 2022 12:58 PM",69.32,69.34,69.3,69.33,11859,69.33,69.32,0.01,0.0,0.01,1min,207,69.15
"May 18, 2022 12:59 PM",69.34,69.43,69.34,69.4,10829,69.4,69.33,0.07,0.0,0.1,1min,208,69.14
"May 18, 2022 01:00 PM",69.4,69.42,69.37,69.39,18608,69.39,69.4,-0.01,-0.0,-0.02,1min,209,69.13
"May 18, 2022 01:01 PM",69.39,69.39,69.32,69.32,7623,69.32,69.39,-0.06,-0.0,-0.09,1min,210,69.13
"May 18, 2022 01:02 PM",69.33,69.35,69.3,69.32,17850,69.32,69.32,-0.0,-0.0,-0.01,1min,211,69.12
"May 18, 2022 01:03 PM",69.33,69.33,69.31,69.32,7324,69.32,69.32,0.0,0.0,0.0,1min,212,69.11
"May 18, 2022 01:04 PM",69.32,69.32,69.28,69.29,15732,69.29,69.32,-0.03,-0.0,-0.05,1min,213,69.1
"May 18, 2022 01:05 PM",69.24,69.25,69.17,69.18,20014,69.18,69.29,-0.11,-0.0,-0.15,1min,214,69.09
"May 18, 2022 01:06 PM",69.19,69.21,69.17,69.18,6107,69.18,69.18,0.0,0.0,0.0,1min,215,69.09
"May 18, 2022 01:07 PM",69.18,69.18,69.1,69.12,10309,69.12,69.18,-0.06,-0.0,-0.09,1min,216,69.08
"May 18, 2022 01:08 PM",69.11,69.11,69.03,69.04,13525,69.04,69.12,-0.08,-0.0,-0.12,1min,217,69.07
"May 18, 2022 01:09 PM",69.05,69.05,68.98,69.0,22473,69.0,69.04,-0.04,-0.0,-0.06,1min,218,69.06
"May 18, 2022 01:10 PM",68.99,68.99,68.92,68.93,16825,68.93,69.0,-0.07,-0.0,-0.11,1min,219,69.05
"May 18, 2022 01:11 PM",68.93,68.94,68.9,68.91,8413,68.91,68.93,-0.01,-0.0,-0.02,1min,220,69.05
"May 18, 2022 01:12 PM",68.92,68.94,68.86,68.87,17466,68.87,68.91,-0.04,-0.0,-0.06,1min,221,69.04
"May 18, 2022 01:13 PM",68.87,68.87,68.83,68.85,14749,68.85,68.87,-0.02,-0.0,-0.03,1min,222,69.03
"May 18, 2022 01:14 PM",68.86,68.86,68.83,68.84,10705,68.84,68.85,-0.01,-0.0,-0.01,1min,223,69.02
"May 18, 2022 01:15 PM",68.84,68.85,68.81,68.83,19651,68.83,68.84,-0.0,-0.0,-0.01,1min,224,69.01
"May 18, 2022 01:16 PM",68.83,68.83,68.77,68.78,10210,68.78,68.83,-0.06,-0.0,-0.08,1min,225,69.01
"May 18, 2022 01:17 PM",68.77,68.78,68.75,68.76,14142,68.76,68.78,-0.02,-0.0,-0.03,1min,226,69.0
"May 18, 2022 01:18 PM",68.77,68.77,68.74,68.74,13105,68.74,68.76,-0.02,-0.0,-0.03,1min,227,68.99
"May 18, 2022 01:19 PM",68.74,68.74,68.64,68.64,49218,68.64,68.74,-0.1,-0.0,-0.15,1min,228,68.98
"May 18, 2022 01:20 PM",68.64,68.66,68.61,68.61,42423,68.61,68.64,-0.03,-0.0,-0.04,1min,229,68.98
"May 18, 2022 01:21 PM",68.62,68.67,68.62,68.63,26379,68.63,68.61,0.01,0.0,0.02,1min,230,68.97
"May 18, 2022 01:22 PM",68.62,68.67,68.61,68.64,29513,68.64,68.63,0.01,0.0,0.01,1min,231,68.96
"May 18, 2022 01:23 PM",68.63,68.64,68.61,68.62,57292,68.62,68.64,-0.01,-0.0,-0.02,1min,232,68.95
"May 18, 2022 01:24 PM",68.61,68.61,68.6,68.6,9843,68.6,68.62,-0.02,-0.0,-0.03,1min,233,68.94
"May 18, 2022 01:25 PM",68.6,68.61,68.58,68.6,9580,68.6,68.6,0.0,0.0,0.0,1min,234,68.94
"May 18, 2022 01:26 PM",68.6,68.6,68.54,68.54,14070,68.54,68.6,-0.06,-0.0,-0.08,1min,235,68.93
"May 18, 2022 01:27 PM",68.53,68.56,68.53,68.56,9161,68.56,68.54,0.01,0.0,0.02,1min,236,68.92
"May 18, 2022 01:28 PM",68.56,68.61,68.56,68.59,14405,68.59,68.56,0.03,0.0,0.04,1min,237,68.91
"May 18, 2022 01:29 PM",68.6,68.6,68.54,68.56,13016,68.56,68.59,-0.03,-0.0,-0.05,1min,238,68.9
"May 18, 2022 01:30 PM",68.54,68.54,68.52,68.52,7432,68.52,68.56,-0.04,-0.0,-0.05,1min,239,68.9
"May 18, 2022 01:31 PM",68.51,68.53,68.51,68.53,38256,68.53,68.52,0.01,0.0,0.01,1min,240,68.89
"May 18, 2022 01:32 PM",68.52,68.53,68.49,68.49,17181,68.49,68.53,-0.04,-0.0,-0.05,1min,241,68.88
"May 18, 2022 01:33 PM",68.49,68.53,68.49,68.51,20159,68.51,68.49,0.03,0.0,0.04,1min,242,68.87
"May 18, 2022 01:34 PM",68.5,68.63,68.5,68.62,23924,68.62,68.51,0.11,0.0,0.16,1min,243,68.86
"May 18, 2022 01:35 PM",68.62,68.7,68.61,68.64,20420,68.64,68.62,0.02,0.0,0.03,1min,244,68.86
"May 18, 2022 01:36 PM",68.64,68.65,68.61,68.62,11012,68.62,68.64,-0.02,-0.0,-0.04,1min,245,68.85
"May 18, 2022 01:37 PM",68.63,68.63,68.57,68.58,16153,68.58,68.62,-0.04,-0.0,-0.06,1min,246,68.84
"May 18, 2022 01:38 PM",68.58,68.68,68.58,68.66,21576,68.66,68.58,0.08,0.0,0.12,1min,247,68.83
"May 18, 2022 01:39 PM",68.67,68.75,68.65,68.75,38200,68.75,68.66,0.09,0.0,0.13,1min,248,68.82
"May 18, 2022 01:40 PM",68.75,68.78,68.73,68.73,38287,68.73,68.75,-0.02,-0.0,-0.03,1min,249,68.82
"May 18, 2022 01:41 PM",68.72,68.73,68.57,68.59,22127,68.59,68.73,-0.14,-0.0,-0.2,1min,250,68.81
"May 18, 2022 01:42 PM",68.58,68.67,68.58,68.62,13825,68.62,68.59,0.03,0.0,0.04,1min,251,68.8
"May 18, 2022 01:43 PM",68.62,68.62,68.57,68.59,10239,68.59,68.62,-0.03,-0.0,-0.04,1min,252,68.79
"May 18, 2022 01:44 PM",68.57,68.61,68.56,68.57,15856,68.57,68.59,-0.02,-0.0,-0.03,1min,253,68.78
"May 18, 2022 01:45 PM",68.58,68.63,68.56,68.58,10493,68.58,68.57,0.01,0.0,0.01,1min,254,68.78
"May 18, 2022 01:46 PM",68.58,68.59,68.56,68.58,11006,68.58,68.58,0.0,0.0,0.0,1min,255,68.77
"May 18, 2022 01:47 PM",68.56,68.58,68.5,68.5,7732,68.5,68.58,-0.08,-0.0,-0.12,1min,256,68.76
"May 18, 2022 01:48 PM",68.5,68.51,68.45,68.49,16120,68.49,68.5,-0.01,-0.0,-0.01,1min,257,68.75
"May 18, 2022 01:49 PM",68.5,68.52,68.47,68.48,10474,68.48,68.49,-0.01,-0.0,-0.01,1min,258,68.74
"May 18, 2022 01:50 PM",68.49,68.51,68.46,68.46,16970,68.46,68.48,-0.02,-0.0,-0.03,1min,259,68.74
"May 18, 2022 01:51 PM",68.47,68.49,68.44,68.47,10404,68.47,68.46,0.01,0.0,0.01,1min,260,68.73
"May 18, 2022 01:52 PM",68.47,68.47,68.41,68.41,7233,68.41,68.47,-0.06,-0.0,-0.09,1min,261,68.72
"May 18, 2022 01:53 PM",68.4,68.42,68.39,68.4,21433,68.4,68.41,-0.01,-0.0,-0.01,1min,262,68.71
"May 18, 2022 01:54 PM",68.39,68.45,68.39,68.44,13585,68.44,68.4,0.04,0.0,0.07,1min,263,68.7
"May 18, 2022 01:55 PM",68.44,68.45,68.38,68.38,16742,68.38,68.44,-0.07,-0.0,-0.09,1min,264,68.7
"May 18, 2022 01:56 PM",68.37,68.4,68.35,68.38,21417,68.38,68.38,0.0,0.0,0.0,1min,265,68.69
"May 18, 2022 01:57 PM",68.41,68.42,68.37,68.41,14754,68.41,68.38,0.03,0.0,0.05,1min,266,68.68
"May 18, 2022 01:58 PM",68.42,68.44,68.36,68.38,10522,68.38,68.41,-0.03,-0.0,-0.05,1min,267,68.67
"May 18, 2022 01:59 PM",68.39,68.39,68.33,68.37,14957,68.37,68.38,-0.01,-0.0,-0.01,1min,268,68.67
"May 18, 2022 02:00 PM",68.37,68.41,68.36,68.39,15908,68.39,68.37,0.01,0.0,0.02,1min,269,68.66
"May 18, 2022 02:01 PM",68.38,68.41,68.34,68.35,23117,68.35,68.39,-0.04,-0.0,-0.05,1min,270,68.65
"May 18, 2022 02:02 PM",68.34,68.37,68.32,68.33,13225,68.33,68.35,-0.02,-0.0,-0.03,1min,271,68.64
"May 18, 2022 02:03 PM",68.32,68.34,68.3,68.32,16682,68.32,68.33,-0.01,-0.0,-0.01,1min,272,68.63
"May 18, 2022 02:04 PM",68.33,68.46,68.33,68.43,8374,68.43,68.32,0.11,0.0,0.15,1min,273,68.63
"May 18, 2022 02:05 PM",68.44,68.44,68.4,68.43,8966,68.43,68.43,0.0,0.0,0.0,1min,274,68.62
"May 18, 2022 02:06 PM",68.42,68.42,68.38,68.39,8531,68.39,68.43,-0.04,-0.0,-0.06,1min,275,68.61
"May 18, 2022 02:07 PM",68.38,68.38,68.31,68.33,15228,68.33,68.39,-0.06,-0.0,-0.08,1min,276,68.6
"May 18, 2022 02:08 PM",68.32,68.35,68.26,68.34,16650,68.34,68.33,0.01,0.0,0.01,1min,277,68.59
"May 18, 2022 02:09 PM",68.35,68.4,68.35,68.4,11707,68.4,68.34,0.06,0.0,0.09,1min,278,68.59
"May 18, 2022 02:10 PM",68.41,68.44,68.35,68.39,7830,68.39,68.4,-0.01,-0.0,-0.01,1min,279,68.58
"May 18, 2022 02:11 PM",68.4,68.42,68.36,68.37,9164,68.37,68.39,-0.02,-0.0,-0.04,1min,280,68.57
"May 18, 2022 02:12 PM",68.36,68.36,68.28,68.3,9812,68.3,68.37,-0.07,-0.0,-0.1,1min,281,68.56
"May 18, 2022 02:13 PM",68.3,68.35,68.3,68.33,12416,68.33,68.3,0.03,0.0,0.04,1min,282,68.55
"May 18, 2022 02:14 PM",68.32,68.37,68.3,68.36,7435,68.36,68.33,0.03,0.0,0.05,1min,283,68.55
"May 18, 2022 02:15 PM",68.38,68.44,68.37,68.41,40630,68.41,68.36,0.05,0.0,0.07,1min,284,68.54
"May 18, 2022 02:16 PM",68.42,68.62,68.41,68.61,14491,68.61,68.41,0.2,0.0,0.29,1min,285,68.53
"May 18, 2022 02:17 PM",68.6,68.62,68.54,68.54,21344,68.54,68.61,-0.07,-0.0,-0.1,1min,286,68.52
"May 18, 2022 02:18 PM",68.54,68.56,68.5,68.51,22719,68.51,68.54,-0.03,-0.0,-0.04,1min,287,68.51
"May 18, 2022 02:19 PM",68.52,68.54,68.52,68.53,8405,68.53,68.51,0.01,0.0,0.02,1min,288,68.51
"May 18, 2022 02:20 PM",68.53,68.58,68.5,68.52,23585,68.52,68.53,-0.01,-0.0,-0.01,1min,289,68.5
"May 18, 2022 02:21 PM",68.51,68.51,68.43,68.47,58068,68.47,68.52,-0.05,-0.0,-0.07,1min,290,68.49
"May 18, 2022 02:22 PM",68.46,68.53,68.46,68.51,12735,68.51,68.47,0.04,0.0,0.06,1min,291,68.48
"May 18, 2022 02:23 PM",68.51,68.58,68.5,68.57,14867,68.57,68.51,0.06,0.0,0.09,1min,292,68.47
"May 18, 2022 02:24 PM",68.57,68.57,68.5,68.52,9660,68.52,68.57,-0.05,-0.0,-0.07,1min,293,68.47
"May 18, 2022 02:25 PM",68.52,68.57,68.52,68.57,7401,68.57,68.52,0.05,0.0,0.07,1min,294,68.46
"May 18, 2022 02:26 PM",68.56,68.61,68.56,68.58,10252,68.58,68.57,0.01,0.0,0.01,1min,295,68.45
"May 18, 2022 02:27 PM",68.58,68.62,68.58,68.6,13631,68.6,68.58,0.02,0.0,0.03,1min,296,68.44
"May 18, 2022 02:28 PM",68.6,68.61,68.59,68.6,5959,68.6,68.6,0.0,0.0,0.0,1min,297,68.43
"May 18, 2022 02:29 PM",68.59,68.6,68.56,68.6,12349,68.6,68.6,-0.0,-0.0,-0.01,1min,298,68.43
"May 18, 2022 02:30 PM",68.59,68.62,68.54,68.61,20568,68.61,68.6,0.01,0.0,0.02,1min,299,68.42
"May 18, 2022 02:31 PM",68.59,68.59,68.44,68.46,27525,68.46,68.61,-0.15,-0.0,-0.23,1min,300,68.41
"May 18, 2022 02:32 PM",68.46,68.48,68.42,68.43,9592,68.43,68.46,-0.03,-0.0,-0.04,1min,301,68.4
"May 18, 2022 02:33 PM",68.43,68.45,68.4,68.4,14416,68.4,68.43,-0.03,-0.0,-0.04,1min,302,68.39
"May 18, 2022 02:34 PM",68.39,68.43,68.35,68.39,16233,68.39,68.4,-0.01,-0.0,-0.01,1min,303,68.39
"May 18, 2022 02:35 PM",68.38,68.39,68.3,68.32,23896,68.32,68.39,-0.07,-0.0,-0.1,1min,304,68.38
"May 18, 2022 02:36 PM",68.3,68.31,68.23,68.24,20707,68.24,68.32,-0.08,-0.0,-0.12,1min,305,68.37
"May 18, 2022 02:37 PM",68.2,68.27,68.2,68.25,13819,68.25,68.24,0.01,0.0,0.01,1min,306,68.36
"May 18, 2022 02:38 PM",68.25,68.33,68.25,68.29,15939,68.29,68.25,0.04,0.0,0.06,1min,307,68.36
"May 18, 2022 02:39 PM",68.29,68.32,68.25,68.26,12089,68.26,68.29,-0.03,-0.0,-0.04,1min,308,68.35
"May 18, 2022 02:40 PM",68.25,68.38,68.25,68.36,48147,68.36,68.26,0.1,0.0,0.15,1min,309,68.34
"May 18, 2022 02:41 PM",68.38,68.38,68.32,68.32,8658,68.32,68.36,-0.04,-0.0,-0.07,1min,310,68.33
"May 18, 2022 02:42 PM",68.32,68.35,68.3,68.35,8835,68.35,68.32,0.03,0.0,0.04,1min,311,68.32
"May 18, 2022 02:43 PM",68.36,68.37,68.34,68.37,11905,68.37,68.35,0.02,0.0,0.03,1min,312,68.32
"May 18, 2022 02:44 PM",68.37,68.4,68.33,68.38,9725,68.38,68.37,0.01,0.0,0.01,1min,313,68.31
"May 18, 2022 02:45 PM",68.37,68.39,68.34,68.37,6631,68.37,68.38,-0.01,-0.0,-0.01,1min,314,68.3
"May 18, 2022 02:46 PM",68.36,68.38,68.36,68.36,5270,68.36,68.37,-0.01,-0.0,-0.01,1min,315,68.29
"May 18, 2022 02:47 PM",68.37,68.4,68.32,68.32,11801,68.32,68.36,-0.04,-0.0,-0.07,1min,316,68.28
"May 18, 2022 02:48 PM",68.31,68.42,68.26,68.39,12282,68.39,68.32,0.07,0.0,0.11,1min,317,68.28
"May 18, 2022 02:49 PM",68.41,68.47,68.41,68.42,10304,68.42,68.39,0.03,0.0,0.04,1min,318,68.27
"May 18, 2022 02:50 PM",68.42,68.45,68.39,68.42,7725,68.42,68.42,0.0,0.0,0.0,1min,319,68.26
"May 18, 2022 02:51 PM",68.42,68.42,68.35,68.36,10823,68.36,68.42,-0.06,-0.0,-0.09,1min,320,68.25
"May 18, 2022 02:52 PM",68.36,68.37,68.3,68.31,4823,68.31,68.36,-0.05,-0.0,-0.07,1min,321,68.24
"May 18, 2022 02:53 PM",68.31,68.33,68.29,68.31,10622,68.31,68.31,0.0,0.0,0.0,1min,322,68.24
"May 18, 2022 02:54 PM",68.31,68.31,68.22,68.24,20917,68.24,68.31,-0.07,-0.0,-0.11,1min,323,68.23
"May 18, 2022 02:55 PM",68.24,68.24,68.19,68.19,25657,68.19,68.24,-0.04,-0.0,-0.07,1min,324,68.22
"May 18, 2022 02:56 PM",68.19,68.19,68.15,68.15,12479,68.15,68.19,-0.04,-0.0,-0.05,1min,325,68.21
"May 18, 2022 02:57 PM",68.15,68.16,68.12,68.14,13693,68.14,68.15,-0.02,-0.0,-0.03,1min,326,68.2
"May 18, 2022 02:58 PM",68.13,68.14,68.07,68.08,13793,68.08,68.14,-0.06,-0.0,-0.08,1min,327,68.2
"May 18, 2022 02:59 PM",68.06,68.08,67.97,67.99,60904,67.99,68.08,-0.09,-0.0,-0.13,1min,328,68.19
"May 18, 2022 03:00 PM",67.99,68.08,67.99,68.05,43499,68.05,67.99,0.06,0.0,0.09,1min,329,68.18
"May 18, 2022 03:01 PM",68.04,68.04,67.98,67.99,34061,67.99,68.05,-0.06,-0.0,-0.09,1min,330,68.17
"May 18, 2022 03:02 PM",67.99,68.04,67.97,67.99,13743,67.99,67.99,0.0,0.0,0.0,1min,331,68.16
"May 18, 2022 03:03 PM",68.0,68.01,67.97,67.98,13247,67.98,67.99,-0.01,-0.0,-0.02,1min,332,68.16
"May 18, 2022 03:04 PM",67.97,68.0,67.94,67.99,10318,67.99,67.98,0.01,0.0,0.02,1min,333,68.15
"May 18, 2022 03:05 PM",68.0,68.02,67.98,67.99,19880,67.99,67.99,0.0,0.0,0.0,1min,334,68.14
"May 18, 2022 03:06 PM",67.99,68.01,67.94,68.0,23906,68.0,67.99,0.01,0.0,0.01,1min,335,68.13
"May 18, 2022 03:07 PM",68.0,68.09,68.0,68.06,14847,68.06,68.0,0.06,0.0,0.09,1min,336,68.12
"May 18, 2022 03:08 PM",68.06,68.07,68.01,68.03,13458,68.03,68.06,-0.03,-0.0,-0.04,1min,337,68.12
"May 18, 2022 03:09 PM",68.03,68.05,67.96,68.0,28287,68.0,68.03,-0.03,-0.0,-0.04,1min,338,68.11
"May 18, 2022 03:10 PM",68.0,68.1,67.98,68.1,26021,68.1,68.0,0.1,0.0,0.15,1min,339,68.1
"May 18, 2022 03:11 PM",68.1,68.14,68.1,68.12,17300,68.12,68.1,0.02,0.0,0.03,1min,340,68.09
"May 18, 2022 03:12 PM",68.11,68.13,68.07,68.09,14404,68.09,68.12,-0.03,-0.0,-0.04,1min,341,68.08
"May 18, 2022 03:13 PM",68.08,68.09,67.99,68.02,55533,68.02,68.09,-0.07,-0.0,-0.1,1min,342,68.08
"May 18, 2022 03:14 PM",68.02,68.03,67.94,67.96,22195,67.96,68.02,-0.06,-0.0,-0.08,1min,343,68.07
"May 18, 2022 03:15 PM",67.96,68.01,67.95,67.98,30105,67.98,67.96,0.02,0.0,0.02,1min,344,68.06
"May 18, 2022 03:16 PM",67.98,68.04,67.98,68.03,17055,68.03,67.98,0.05,0.0,0.07,1min,345,68.05
"May 18, 2022 03:17 PM",68.02,68.02,67.94,67.94,11719,67.94,68.03,-0.08,-0.0,-0.12,1min,346,68.04
"May 18, 2022 03:18 PM",67.95,67.96,67.93,67.93,13318,67.93,67.94,-0.01,-0.0,-0.02,1min,347,68.04
"May 18, 2022 03:19 PM",67.93,67.95,67.92,67.94,23685,67.94,67.93,0.01,0.0,0.02,1min,348,68.03
"May 18, 2022 03:20 PM",67.94,68.02,67.93,68.02,37420,68.02,67.94,0.07,0.0,0.11,1min,349,68.02
"May 18, 2022 03:21 PM",68.02,68.07,68.0,68.07,18798,68.07,68.02,0.05,0.0,0.07,1min,350,68.01
"May 18, 2022 03:22 PM",68.07,68.07,67.94,67.98,27164,67.98,68.07,-0.09,-0.0,-0.13,1min,351,68.01
"May 18, 2022 03:23 PM",67.99,67.99,67.93,67.94,7076,67.94,67.98,-0.04,-0.0,-0.06,1min,352,68.0
"May 18, 2022 03:24 PM",67.93,67.93,67.88,67.9,16314,67.9,67.94,-0.03,-0.0,-0.05,1min,353,67.99
"May 18, 2022 03:25 PM",67.9,67.91,67.85,67.86,14442,67.86,67.9,-0.04,-0.0,-0.07,1min,354,67.98
"May 18, 2022 03:26 PM",67.86,67.88,67.84,67.85,15692,67.85,67.86,-0.01,-0.0,-0.02,1min,355,67.97
"May 18, 2022 03:27 PM",67.85,67.88,67.82,67.85,23015,67.85,67.85,0.0,0.0,0.01,1min,356,67.97
"May 18, 2022 03:28 PM",67.83,67.87,67.81,67.86,16832,67.86,67.85,0.01,0.0,0.01,1min,357,67.96
"May 18, 2022 03:29 PM",67.86,67.88,67.83,67.86,14051,67.86,67.86,0.0,0.0,0.0,1min,358,67.95
"May 18, 2022 03:30 PM",67.85,67.92,67.85,67.87,31886,67.87,67.86,0.01,0.0,0.01,1min,359,67.94
"May 18, 2022 03:31 PM",67.87,67.98,67.86,67.97,36673,67.97,67.87,0.1,0.0,0.15,1min,360,67.93
"May 18, 2022 03:32 PM",67.97,68.0,67.94,67.94,31035,67.94,67.97,-0.03,-0.0,-0.05,1min,361,67.93
"May 18, 2022 03:33 PM",67.94,68.0,67.91,67.98,35028,67.98,67.94,0.04,0.0,0.06,1min,362,67.92
"May 18, 2022 03:34 PM",67.99,68.0,67.97,67.98,15564,67.98,67.98,0.0,0.0,0.0,1min,363,67.91
"May 18, 2022 03:35 PM",67.97,68.0,67.96,68.0,32959,68.0,67.98,0.01,0.0,0.02,1min,364,67.9
"May 18, 2022 03:36 PM",68.0,68.07,67.99,68.07,31177,68.07,68.0,0.07,0.0,0.11,1min,365,67.89
"May 18, 2022 03:37 PM",68.07,68.18,68.07,68.18,25330,68.18,68.07,0.11,0.0,0.15,1min,366,67.89
"May 18, 2022 03:38 PM",68.18,68.22,68.11,68.2,37353,68.2,68.18,0.02,0.0,0.04,1min,367,67.88
"May 18, 2022 03:39 PM",68.21,68.26,68.2,68.21,25632,68.21,68.2,0.01,0.0,0.01,1min,368,67.87
"May 18, 2022 03:40 PM",68.21,68.26,68.21,68.22,21019,68.22,68.21,0.01,0.0,0.01,1min,369,67.86
"May 18, 2022 03:41 PM",68.22,68.23,68.18,68.2,28529,68.2,68.22,-0.02,-0.0,-0.03,1min,370,67.85
"May 18, 2022 03:42 PM",68.19,68.21,68.09,68.09,21603,68.09,68.2,-0.11,-0.0,-0.16,1min,371,67.85
"May 18, 2022 03:43 PM",68.08,68.08,68.01,68.03,24566,68.03,68.09,-0.06,-0.0,-0.09,1min,372,67.84
"May 18, 2022 03:44 PM",68.02,68.11,68.01,68.05,24472,68.05,68.03,0.02,0.0,0.03,1min,373,67.83
"May 18, 2022 03:45 PM",68.05,68.12,68.04,68.07,34874,68.07,68.05,0.01,0.0,0.02,1min,374,67.82
"May 18, 2022 03:46 PM",68.07,68.07,68.01,68.01,30457,68.01,68.07,-0.06,-0.0,-0.08,1min,375,67.81
"May 18, 2022 03:47 PM",68.02,68.09,68.02,68.06,24980,68.06,68.01,0.05,0.0,0.07,1min,376,67.81
"May 18, 2022 03:48 PM",68.05,68.06,67.95,67.99,26252,67.99,68.06,-0.07,-0.0,-0.1,1min,377,67.8
"May 18, 2022 03:49 PM",68.0,68.03,67.95,68.02,22045,68.02,67.99,0.03,0.0,0.04,1min,378,67.79
"May 18, 2022 03:50 PM",68.01,68.21,67.98,68.19,77800,68.19,68.02,0.17,0.0,0.25,1min,379,67.78
"May 18, 2022 03:51 PM",68.2,68.21,68.11,68.17,53188,68.17,68.19,-0.02,-0.0,-0.03,1min,380,67.77
"May 18, 2022 03:52 PM",68.17,68.21,68.14,68.2,32387,68.2,68.17,0.03,0.0,0.04,1min,381,67.77
"May 18, 2022 03:53 PM",68.2,68.2,68.14,68.15,45844,68.15,68.2,-0.05,-0.0,-0.07,1min,382,67.76
"May 18, 2022 03:54 PM",68.16,68.2,68.07,68.14,98730,68.14,68.15,-0.01,-0.0,-0.01,1min,383,67.75
"May 18, 2022 03:55 PM",68.14,68.26,68.12,68.25,96497,68.25,68.14,0.11,0.0,0.15,1min,384,67.74
"May 18, 2022 03:56 PM",68.26,68.26,68.09,68.13,71267,68.13,68.25,-0.12,-0.0,-0.18,1min,385,67.73
"May 18, 2022 03:57 PM",68.14,68.26,68.14,68.23,78071,68.23,68.13,0.1,0.0,0.15,1min,386,67.73
"May 18, 2022 03:58 PM",68.22,68.34,68.2,68.33,96558,68.33,68.23,0.1,0.0,0.15,1min,387,67.72
"May 18, 2022 03:59 PM",68.33,68.37,68.22,68.34,287075,68.34,68.33,0.01,0.0,0.01,1min,388,67.71
"May 18, 2022 04:00 PM",68.3,68.3,68.3,68.3,0,68.3,68.34,-0.04,-0.0,-0.06,1min,389,67.7
